{
    "222200042": {
        "RT": [
            [
                0.6893788576126099,
                -0.021379299461841583,
                -0.7240855097770691,
                0.01983652263879776
            ],
            [
                0.1795453429222107,
                -0.9633327126502991,
                0.1993827223777771,
                -0.008664906024932861
            ],
            [
                -0.7017979025840759,
                -0.26745638251304626,
                -0.6602626442909241,
                1.1280275583267212
            ]
        ],
        "K": [
            [
                1307.6395041714288,
                0.0,
                175.39850990178573
            ],
            [
                0.0,
                1307.622516261905,
                255.9138175380953
            ],
            [
                0.0,
                0.0,
                0.1595928380952381
            ]
        ]
    },
    "220700191": {
        "RT": [
            [
                0.9958112239837646,
                0.0011004762491211295,
                -0.09142773598432541,
                -0.02115798369050026
            ],
            [
                0.024200553074479103,
                -0.967439591884613,
                0.25194254517555237,
                -0.030227772891521454
            ],
            [
                -0.08817347139120102,
                -0.2530997693538666,
                -0.9634137749671936,
                1.1916970014572144
            ]
        ],
        "K": [
            [
                1307.6395041714288,
                0.0,
                175.39850990178573
            ],
            [
                0.0,
                1307.622516261905,
                255.9138175380953
            ],
            [
                0.0,
                0.0,
                0.1595928380952381
            ]
        ]
    },
    "222200049": {
        "RT": [
            [
                0.898913562297821,
                0.015505755320191383,
                0.4378516972064972,
                -0.02834213152527809
            ],
            [
                -0.1040513664484024,
                -0.9632256031036377,
                0.2477293461561203,
                -0.012899160385131836
            ],
            [
                0.42559126019477844,
                -0.26824629306793213,
                -0.8642430901527405,
                1.2008790969848633
            ]
        ],
        "K": [
            [
                1307.6395041714288,
                0.0,
                175.39850990178573
            ],
            [
                0.0,
                1307.622516261905,
                255.9138175380953
            ],
            [
                0.0,
                0.0,
                0.1595928380952381
            ]
        ]
    },
    "221501007": {
        "RT": [
            [
                0.7051616311073303,
                0.045438002794981,
                0.7075892686843872,
                -0.025009378790855408
            ],
            [
                -0.16175547242164612,
                -0.961320161819458,
                0.2229318916797638,
                -0.005075708031654358
            ],
            [
                0.6903494596481323,
                -0.27165940403938293,
                -0.6705362796783447,
                1.1330950260162354
            ]
        ],
        "K": [
            [
                1307.6395041714288,
                0.0,
                175.39850990178573
            ],
            [
                0.0,
                1307.622516261905,
                255.9138175380953
            ],
            [
                0.0,
                0.0,
                0.1595928380952381
            ]
        ]
    }
}