{
  "400069": {
    "K": [
      [1931.17025, 0.0, 199.261725],
      [0.0, 1931.2085, 231.0818625],
      [0.0, 0.0, 1.0]
    ],
    "RT": [
      [0.9705157, 0.035186626, 0.2384557, -0.27026154],
      [-0.1084007, 0.9473142, 0.30140525, -0.29166770000000003],
      [-0.21528703, -0.3183673, 0.92319757, 0.12137360999999999]
    ]
  },
  "400002": {
    "K": [
      [1921.75365, 0.0, 205.787765],
      [0.0, 1922.3828, 253.726075],
      [0.0, 0.0, 1.0]
    ],
    "RT": [
      [0.97629625, 0.0029071984, 0.21641898, -0.2767496],
      [0.10491906, 0.86821574, -0.48496747, 0.45745486],
      [-0.18930826, 0.4961784, 0.84733075, 0.19255482000000002]
    ]
  },
  "400019": {
    "K": [
      [1928.80325, 0.0, 194.564875],
      [0.0, 1928.812625, 232.12365],
      [0.0, 0.0, 1.0]
    ],
    "RT": [
      [0.94671345, 0.015485052, 0.32170457, -0.33796942],
      [-0.066040255, 0.9869537, 0.1468371, -0.114230446],
      [-0.31523374, -0.16025811, 0.935385, 0.10417319500000001]
    ]
  },
  "400023": {
    "K": [
      [1267.32425, 0.0, 150.147675],
      [0.0, 1267.174925, 254.068375],
      [0.0, 0.0, 1.0]
    ],
    "RT": [
      [0.9956278, -0.0052650357, -0.0932603, 0.12117298],
      [0.0041177114, 0.9999135, -0.012490546, -0.00052072936],
      [0.093318, 0.012051917, 0.9955634, 0.034179264]
    ]
  },
  "400060": {
    "K": [
      [1925.66825, 0.0, 203.078725],
      [0.0, 1925.92835, 236.9065],
      [0.0, 0.0, 1.0]
    ],
    "RT": [
      [0.8078087, 0.046503622, 0.58760744, -0.6231812999999999],
      [0.13850965, 0.9539939, -0.26591474, 0.26196176000000004],
      [-0.57293993, 0.29619753, 0.7642034, 0.29953339999999995]
    ]
  },
  "400070": {
    "K": [
      [1938.30835, 0.0, 176.40215],
      [0.0, 1939.0149, 209.039215],
      [0.0, 0.0, 1.0]
    ],
    "RT": [
      [-0.9993818, 0.008793191, 0.034039702, -0.048822716],
      [0.025793519, 0.8412993, 0.5399539, -0.5097914],
      [-0.02388966, 0.5404981, -0.84100604, 2.0615059000000002]
    ]
  },
  "400029": {
    "K": [
      [1934.026125, 0.0, 155.5986625],
      [0.0, 1933.81665, 235.8561],
      [0.0, 0.0, 1.0]
    ],
    "RT": [
      [1.0, 0.0, 0.0, 0.0],
      [0.0, 1.0, 0.0, 0.0],
      [0.0, 0.0, 1.0, 0.0]
    ]
  },
  "400048": {
    "K": [
      [1929.3114, 0.0, 154.636675],
      [0.0, 1929.48175, 224.8372],
      [0.0, 0.0, 1.0]
    ],
    "RT": [
      [0.9994892, 0.014108674, 0.028675145, -0.020131886],
      [-0.0048997356, 0.95431656, -0.29875728, 0.30965524],
      [-0.031580236, 0.29846418, 0.95389825, 0.046042873]
    ]
  },
  "400042": {
    "K": [
      [1928.98535, 0.0, 209.90565],
      [0.0, 1928.4815, 240.53305],
      [0.0, 0.0, 1.0]
    ],
    "RT": [
      [0.5408436, 0.0580546, 0.8391173, -0.90201013],
      [-0.05497466, 0.997922, -0.03360825, 0.034090896999999995],
      [-0.8393247, -0.02795338, 0.5429113, 0.5236494]
    ]
  },
  "400013": {
    "K": [
      [1930.66515, 0.0, 162.067175],
      [0.0, 1930.89775, 233.0597075],
      [0.0, 0.0, 1.0]
    ],
    "RT": [
      [0.99659884, -0.009473543, -0.081859455, 0.07669673],
      [-0.0071343393, 0.979721, -0.20023958, 0.18267682999999998],
      [0.082096405, 0.20014256, 0.9763212, 0.047421750000000006]
    ]
  },
  "400031": {
    "K": [
      [1939.186, 0.0, 162.302875],
      [0.0, 1938.92445, 252.476225],
      [0.0, 0.0, 1.0]
    ],
    "RT": [
      [0.99990654, 0.0067517655, -0.011888235, 0.0021494951],
      [0.0013772332, 0.81538135, 0.57892257, -0.5888864],
      [0.013602194, -0.57888484, 0.8152958, 0.23587719999999998]
    ]
  },
  "400004": {
    "K": [
      [1923.34265, 0.0, 145.74141],
      [0.0, 1923.6755, 231.073775],
      [0.0, 0.0, 1.0]
    ],
    "RT": [
      [0.9117813, -0.011958756, -0.41050193, 0.45082544],
      [-0.103463784, 0.9606446, -0.25779286, 0.28590527],
      [0.39742935, 0.27752277, 0.8746605, 0.1841336]
    ]
  },
  "400050": {
    "K": [
      [1924.86125, 0.0, 157.5714425],
      [0.0, 1924.515, 254.97194],
      [0.0, 0.0, 1.0]
    ],
    "RT": [
      [-0.036122844, -0.0575817, -0.99768704, 1.0422162000000001],
      [0.042333025, 0.9973543, -0.05909523, 0.046026825],
      [0.99845034, -0.0443698, -0.033589665, 1.1511294]
    ]
  },
  "400037": {
    "K": [
      [1924.390875, 0.0, 145.030015],
      [0.0, 1924.690175, 241.136],
      [0.0, 0.0, 1.0]
    ],
    "RT": [
      [0.9971613, -0.0030261816, -0.07523382, 0.07907253],
      [-0.032032937, 0.88720787, -0.46025658, 0.48002475],
      [0.06814086, 0.46136, 0.8845924, 0.15551123]
    ]
  },
  "400059": {
    "K": [
      [1918.29175, 0.0, 161.4085075],
      [0.0, 1917.895375, 252.746625],
      [0.0, 0.0, 1.0]
    ],
    "RT": [
      [0.38344875, -0.06625185, -0.9211828, 0.9653134],
      [-0.10849345, 0.9872863, -0.1161672, 0.11626532],
      [0.9171675, 0.14448647, 0.37138584, 0.7189513500000001]
    ]
  },
  "400051": {
    "K": [
      [1933.92565, 0.0, 187.1926875],
      [0.0, 1933.8045, 235.840475],
      [0.0, 0.0, 1.0]
    ],
    "RT": [
      [0.8811991, 0.02193829, 0.47223595, -0.49222235000000003],
      [-0.17038473, 0.9465254, 0.2739684, -0.26497586],
      [-0.44097292, -0.32188252, 0.83781534, 0.20063333]
    ]
  },
  "400009": {
    "K": [
      [1268.14515, 0.0, 196.939975],
      [0.0, 1268.057125, 244.142425],
      [0.0, 0.0, 1.0]
    ],
    "RT": [
      [0.95786446, 0.026841216, 0.2859636, -0.342245],
      [-0.020476323, 0.9994721, -0.02522525, 0.0019711069],
      [-0.2864897, 0.018306889, 0.9579084, 0.08707231]
    ]
  },
  "400007": {
    "K": [
      [1935.35925, 0.0, 131.2256],
      [0.0, 1935.55615, 224.260125],
      [0.0, 0.0, 1.0]
    ],
    "RT": [
      [0.9984795, 8.35951e-5, -0.05512458, 0.08145108999999999],
      [-0.039693426, 0.6949943, -0.7179188, 0.717164],
      [0.03825125, 0.7190153, 0.6939408, 0.37475552]
    ]
  },
  "400053": {
    "K": [
      [1923.684, 0.0, 210.2363575],
      [0.0, 1923.72, 245.0269],
      [0.0, 0.0, 1.0]
    ],
    "RT": [
      [0.20813718, 0.06840672, 0.9757046, -1.0290814],
      [0.1099602, 0.9895908, -0.09283698, 0.095697716],
      [-0.971899, 0.1266115, 0.19844863, 0.8910712]
    ]
  },
  "400055": {
    "K": [
      [1940.67625, 0.0, 125.035735],
      [0.0, 1938.640125, 201.145965],
      [0.0, 0.0, 1.0]
    ],
    "RT": [
      [-0.9704493, -0.009128707, -0.24113229, 0.2819279],
      [-0.14023153, 0.8345576, 0.5327746, -0.51512036],
      [0.19637524, 0.5508451, -0.81117594, 2.0277781999999998]
    ]
  },
  "400010": {
    "K": [
      [1914.658925, 0.0, 143.82904],
      [0.0, 1914.5255, 245.03675],
      [0.0, 0.0, 1.0]
    ],
    "RT": [
      [-0.40282598, -0.057339754, -0.91347873, 0.97090985],
      [-0.10395105, 0.9944442, -0.016581666, 0.022409433],
      [0.9093544, 0.08827755, -0.4065485, 1.5488676000000001]
    ]
  },
  "400030": {
    "K": [
      [1933.06575, 0.0, 202.4755],
      [0.0, 1933.062375, 228.84635],
      [0.0, 0.0, 1.0]
    ],
    "RT": [
      [0.98848546, 0.014012006, 0.15066585, -0.16475679],
      [0.027883036, 0.9617854, -0.272381, 0.31062387],
      [-0.14872482, 0.27344567, 0.9503201, 0.04112742]
    ]
  },
  "400061": {
    "K": [
      [1939.7885, 0.0, 196.500575],
      [0.0, 1939.305175, 240.484625],
      [0.0, 0.0, 1.0]
    ],
    "RT": [
      [0.9815297, 0.0074779154, 0.19116344, -0.19506456],
      [-0.12077468, 0.79916286, 0.5888567, -0.570302],
      [-0.1483673, -0.601068, 0.78530526, 0.25095451]
    ]
  },
  "400049": {
    "K": [
      [1931.86175, 0.0, 156.4223],
      [0.0, 1931.74535, 243.739075],
      [0.0, 0.0, 1.0]
    ],
    "RT": [
      [0.9982264, 0.012053484, -0.05829851, 0.05324608],
      [0.0049969405, 0.9588672, 0.28381115, -0.31190762],
      [0.05932144, -0.2835991, 0.9571063, 0.08115918000000001]
    ]
  },
  "400017": {
    "K": [
      [1931.8345, 0.0, 152.08355],
      [0.0, 1931.831675, 238.730775],
      [0.0, 0.0, 1.0]
    ],
    "RT": [
      [0.9296022, -0.01684776, -0.36817923, 0.38620920000000003],
      [-0.047867656, 0.98497486, -0.1659314, 0.17630032],
      [0.36544284, 0.17187408, 0.9148283, 0.10907564]
    ]
  },
  "400063": {
    "K": [
      [1928.5011, 0.0, 198.8197625],
      [0.0, 1928.51425, 242.9394825],
      [0.0, 0.0, 1.0]
    ],
    "RT": [
      [0.82971615, 0.036395755, 0.5569977, -0.5843573],
      [-0.11492105, 0.9876325, 0.10665433, -0.08849651],
      [-0.54622734, -0.15250358, 0.8236373, 0.20081897]
    ]
  },
  "400027": {
    "K": [
      [1932.1781, 0.0, 135.6330425],
      [0.0, 1931.9255, 252.16725],
      [0.0, 0.0, 1.0]
    ],
    "RT": [
      [0.9628067, -0.00760594, -0.27008402, 0.3077335],
      [0.090397045, 0.9510663, 0.2954678, -0.29521949999999997],
      [0.2546205, -0.30889317, 0.9163806, 0.120914856]
    ]
  },
  "400018": {
    "K": [
      [1933.656, 0.0, 165.0614],
      [0.0, 1933.304, 249.50755],
      [0.0, 0.0, 1.0]
    ],
    "RT": [
      [0.6705655, -0.03315247, -0.7411092, 0.7649263999999999],
      [0.02521152, 0.9994423, -0.021896914, 0.010248322],
      [0.7414218, -0.004001174, 0.67102736, 0.36285666]
    ]
  },
  "400016": {
    "K": [
      [1930.3894, 0.0, 197.393475],
      [0.0, 1930.449825, 228.112025],
      [0.0, 0.0, 1.0]
    ],
    "RT": [
      [0.9648338, 0.025369735, 0.2616336, -0.29694205],
      [0.022339592, 0.9838167, -0.17777976, 0.18269637],
      [-0.26190972, 0.17737271, 0.94865286, 0.085425545]
    ]
  },
  "400067": {
    "K": [
      [1926.1499, 0.0, 202.711875],
      [0.0, 1926.28075, 237.4001925],
      [0.0, 0.0, 1.0]
    ],
    "RT": [
      [-0.60118854, 0.058328588, 0.7969756, -0.8457058],
      [0.09837981, 0.995148, 0.0013792616, -0.0054100237],
      [-0.79302824, 0.07923551, -0.6040099, 1.7601481]
    ]
  },
  "400008": {
    "K": [
      [1959.233875, 0.0, 189.3916625],
      [0.0, 1959.17925, 250.214525],
      [0.0, 0.0, 1.0]
    ],
    "RT": [
      [-0.64076585, 0.015702553, -0.7675758, 0.7771958],
      [-0.75723624, 0.1518617, 0.63524115, -0.6489172999999999],
      [0.12654026, 0.988277, -0.08541724, 1.2668392]
    ]
  },
  "400064": {
    "K": [
      [1929.5545, 0.0, 147.11065],
      [0.0, 1929.436, 236.381275],
      [0.0, 0.0, 1.0]
    ],
    "RT": [
      [0.9912701, -0.007885627, -0.13161069, 0.13776773],
      [0.025190892, 0.9911483, 0.13034771, -0.12411265],
      [0.12941784, -0.13252518, 0.9826943, 0.04439444]
    ]
  },
  "400039": {
    "K": [
      [1928.467, 0.0, 200.847425],
      [0.0, 1928.35625, 236.22175],
      [0.0, 0.0, 1.0]
    ],
    "RT": [
      [0.7006988, 0.049731564, 0.71172184, -0.75560516],
      [0.078939594, 0.9860386, -0.14661644, 0.15119057],
      [-0.7090767, 0.158917, 0.68699026, 0.37285193]
    ]
  },
  "400026": {
    "K": [
      [1927.23025, 0.0, 152.4134825],
      [0.0, 1926.87075, 248.673275],
      [0.0, 0.0, 1.0]
    ],
    "RT": [
      [0.92931193, -0.012262232, -0.36909202, 0.3966413],
      [0.056874014, 0.9922772, 0.11023313, -0.116484535],
      [0.3648899, -0.1234327, 0.9228324, 0.114111084]
    ]
  },
  "400041": {
    "K": [
      [1937.14825, 0.0, 175.131125],
      [0.0, 1937.237425, 239.3357],
      [0.0, 0.0, 1.0]
    ],
    "RT": [
      [0.95907354, 0.03038775, 0.2815217, -0.29776044],
      [0.17776498, 0.7092659, -0.6821594, 0.70133405],
      [-0.22040303, 0.7042858, 0.6748363, 0.39874283000000005]
    ]
  },
  "400028": {
    "K": [
      [1930.10675, 0.0, 167.0724],
      [0.0, 1930.33925, 249.265125],
      [0.0, 0.0, 1.0]
    ],
    "RT": [
      [0.836137, -0.031963225, -0.5475886, 0.59574414],
      [-0.06296983, 0.9861073, -0.15371135, 0.16800030000000002],
      [0.5448942, 0.1630053, 0.8225081, 0.17667313999999998]
    ]
  },
  "400012": {
    "K": [
      [1931.803, 0.0, 207.5952],
      [0.0, 1931.86975, 234.353515],
      [0.0, 0.0, 1.0]
    ],
    "RT": [
      [0.83814734, 0.046876583, 0.54342586, -0.5916365],
      [0.051845357, 0.98494244, -0.16492552, 0.1707677],
      [-0.54297435, 0.16640598, 0.8230966, 0.22578296]
    ]
  },
  "400015": {
    "K": [
      [1932.060925, 0.0, 210.651025],
      [0.0, 1932.01305, 222.9020375],
      [0.0, 0.0, 1.0]
    ],
    "RT": [
      [0.98357046, 0.012945112, 0.18005994, -0.21649289],
      [-0.015294266, 0.999815, 0.011664289, 0.0029974766],
      [-0.17987564, -0.014226534, 0.9835865, 0.037427387000000006]
    ]
  }
}
